667
792
433
856
474
935
337
937
784
755
968
99
492
300
422
765
388
789
533
551
495
324
806
788
139
451
821
843
453
129
186
714
571
739
465
430
86
330
861
936
884
633
155
618
577
309
646
673
351
960
69
468
863
423
404
704
185
707
138
159
502
200
786
346
431
332
285
212
213
867
487
357
233
150
864
456
567
382
925
402
963
52
378
191
175
108
301
333
761
46
911
294
451
861
694
70
522
69
143
672
493
151
935
792
933
98
355
84
987
473
172
413
238
310
210
748
737
27
355
702
429
68
653
859
10
411
924
536
524
122
1000
88
999
169
83
533
478
232
10
388
124
573
698
203
832
747
460
451
942
988
109
16
498
342
860
780
504
150
822
341
206
285
214
996
889
500
973
12
418
892
453
108
226
565
631
400
402
596
842
830
116
110
340
931
343
333
771
618
522
107
383
779
957
854
167
494
701
638
652
692
312
514
667
372
380
743
366
664
785
160
383
553
296
867
844
950
709
35
605
155
608
322
65
143
718
317
664
787
349
542
150
779
552
513
808
558
722
747
473
545
215
909
211
917
621
416
639
428
918
355
923
49
857
403
3
881
776
500
437
826
419
403
623
359
277
892
334
753
297
437
461
619
486
507
463
104
185
841
848
711
600
286
657
650
982
247
737
807
610
796
330
362
232
829
624
590
484
835
772
5
920
783
826
109
834
834
412
874
540
802
372
592
179
98
815
1
202
314
138
713
971
997
206
338
26
544
263
259
195
507
717
237
417
863
193
906
298
76
708
406
677
428
541
280
394
611
315
228
594
226
975
119
575
578
94
668
517
270
789
209
298
918
604
15
973
106
521
813
290
163
694
145
194
994
488
785
850
918
439
736
334
47
611
123
167
559
572
650
252
359
185
97
176
368
7
308
705
512
564
958
177
411
384
613
475
331
689
971
321
317
931
36
209
592
85
583
513
698
482
537
671
740
342
99
261
284
760
715
81
182
774
943
153
491
453
114
748
298
340
30
683
901
881
98
256
795
441
631
688
309
725
738
757
90
358
634
221
484
467
299
112
431
737
681
194
340
101
877
709
277
36
368
110
304
521
164
337
299
282
224
383
888
96
388
894
851
503
800
776
944
592
449
974
413
762
810
432
391
218
248
964
593
296
73
717
325
2
836
718
280
789
133
381
764
995
141
892
457
68
435
360
1
845
763
90
490
901
478
911
956
185
252
208
253
858
634
752
647
982
183
363
558
350
985
343
240
285
608
858
885
453
693
147
433
971
191
324
891
642
843
133
743
368
443
902
290
444
743
770
249
83
67
870
330
879
486
541
383
960
726
134
259
361
787
824
547
524
616
859
987
729
692
194
22
958
18
324
800
666
837
772
42
818
333
396
141
528
793
175
140
326
133
894
864
596
331
545
468
959
128
540
558
601
421
594
196
112
162
570
393
820
158
696
984
148
586
201
213
374
960
953
682
670
372
208
593
873
261
157
493
592
175
781
348
949
842
462
465
343
21
768
109
717
673
40
945
851
952
892
569
10
560
866
93
7
259
719
170
857
583
173
728
941
451
445
572
437
646
851
186
202
866
334
267
287
167
271
149
322
129
46
748
264
716
410
108
620
173
873
701
641
233
766
218
201
20
450
372
332
764
954
911
631
858
304
629
841
439
313
297
401
121
982
467
752
752
850
606
260
281
704
578
460
522
51
157
87
179
275
101
162
503
400
574
818
46
175
787
667
394
243
147
292
57
642
907
861
143
532
274
734
490
901
127
632
902
569
786
139
37
894
853
44
638
790
351
797
422
329
732
486
991
506
657
199
793
529
425
660
444
320
499
301
239
130
753
129
348
720
335
73
615
862
698
537
449
61
660
327
689
853
178
176
890
175
314
789
675
651
280
979
933
852
866
205
928
451
977
201
719
314
11
534
118
330
906
492
183
304
217
220
814
433
58
98
731
890
617
460
173
19
360
878
23
870
132
507
886
567
947
813
631
624
663
354
98
610
891
513
714
577
138
440
412
894
556
245
563
600
952
812
455
672
391
441
461
216
149
92
122
401
792
910
332
905
461
581
284
664
969
701
965
302
569
565
150
343
878
671
963
741
196
986
510
775
695
664
303
770
437
83
572
199
191
218
744
68
496
372
968
498
1
344
322
216
833
329
128
620
804
374
0
120
596
390
767
914
735
837
609
632
556
673
689
861
916
83
288
926
616
275
165
177
622
476
328
569
199
965
419
354
533
451
661
633
929
372
22
631
68
40
429
145
93
123
60
558
327
149
83
246
149
928
205
928
462
745
358
93
56
603
94
182
979
46
386
250
208
411
480
497
709
998
734
556
847
370
574
474
639
317
198
872
946
48
224
340
797
153
637
525
505
831
235
373
386
753
668
156
229
430
154
36
427
780
99
708
612
663
1
964
474
606
331
550
95
385
147
561
243
207
399
860
605
837
270
996
314
121
75
591
470
120
897
670
926
171
559
201
837
775
119
429
396
776
664
959
732
629
791
691
932
841
982
866
964
867
972
951
769
868
127
701
298
172
731
653
897
587
545
533
525
675
794
271
247
684
872
389
956
72
399
43
389
809
298
192
676
470
142
216
870
584
339
718
972
573
900
383
849
592
960
312
560
812
375
30
817
845
431
641
427
86
92
713
259
194
927
643
791
695
305
927
799
911
383
858
934
563
884
81
886
724
635
784
949
684
863
529
643
358
109
58
570
30
99
936
280
116
695
220
920
355
888
153
190
9
860
829
871
671
482
330
223
957
919
194
776
817
136
634
330
287
64
524
397
62
582
444
896
466
24
949
175
292
292
107
828
764
907
940
829
596
250
584
222
191
88
291
102
608
492
957
868
722
557
315
531
71
390
346
210
455
794
521
933
111
731
390
563
401
478
320
701
302
543
351
536
657
482
22
749
332
124
820
406
533
522
721
413
56
200
527
575
207
558
188
470
829
62
502
889
207
429
154
42
513
474
399
551
926
943
357
826
409
603
444
555
927
219
93
321
548
898
697
617
314
770
74
769
315
498
677
830
539
613
215
188
485
128
611
180
133
161
434
766
256
376
138
551
802
266
667
68
82
577
963
545
641
599
360
4
135
286
306
196
809
719
401
362
289
358
423
400
194
32
673
454
326
720
767
938
326
9
549
729
5
495
148
380
22
240
806
770
550
209
300
146
317
87
272
290
986
43
641
832
48
49
328
288
673
85
12
955
271
212
641
806
900
916
382
272
8
254
241
648
59
909
622
931
811
316
204
415
253
415
472
79
820
793
288
734
391
413
640
248
534
803
81
425
271
850
467
822
604
308
694
59
0
126
318
781
140
355
730
365
735
173
825
414
92
180
682
100
307
144
366
617
396
370
973
825
519
86
946
759
809
477
308
414
514
346
768
816
561
823
820
776
503
884
350
185
33
453
32
114
599
850
558
644
551
729
469
597
160
692
894
732
896
292
539
585
731
868
932
301
47
395
300
361
593
178
539
624
951
337
410
506
9
681
35
409
609
171
478
412
875
931
947
778
790
576
960
1000
556
912
938
211
991
744
582
322
186
647
433
893
637
60
587
842
615
339
253
542
272
807
610
568
336
180
946
990
225
685
446
183
596
797
894
24
475
705
311
626
490
775
226
597
767
455
812
342
781
704
283
245
418
369
88
627
667
835
34
176
857
378
589
238
260
570
312
27
390
130
681
398
312
305
686
594
885
908
699
216
41
538
411
662
959
468
3
982
893
882
869
396
292
766
466
958
266
715
387
645
626
459
665
614
53
244
697
821
929
605
339
398
221
886
690
813
759
903
958
681
523
537
969
60
238
108
283
845
54
48
483
446
295
532
980
146
24
378
203
563
510
580
813
777
777
905
437
810
21
448
450
135
409
148
50
228
208
538
841
678
756
423
968
333
436
536
470
383
991
929
510
589
76
340
901
102
555
375
946
811
822
41
114
64
95
531
595
956
730
740
760
151
339
267
593
221
413
301
959
414
894
509
763
747
641
985
566
469
370
882
818
969
232
200
894
277
57
646
599
657
772
354
559
203
523
803
169
477
339
370
814
218
375
570
559
33
135
38
252
287
809
472
566
498
51
451
574
550
211
534
556
22
425
971
899
982
861
141
387
503
791
731
109
789
655
55
931
743
820
364
483
585
509
879
746
320
955
20
789
121
457
430
873
976
693
623
64
455
674
840
6
207
402
280
326
658
662
70
211
784
229
591
511
310
726
291
451
24
620
126
553
586
802
47
838
987
45
422
866
822
213
279
396
152
840
326
834
592
631
916
821
270
72
675
54
15
130
901
875
844
582
274
23
10
489
79
701
648
353
945
442
117
684
908
788
485
864
800
588
840
617
636
597
778
416
772
718
874
33
767
365
646
394
226
713
455
517
622
61
740
608
57
421
996
77
280
907
421
830
76
145
735
255
955
780
786
319
339
110
896
134
842
719
789
646
927
873
610
902
264
512
533
280
714
742
58
749
709
955
506
868
814
482
186
790
204
632
270
25
373
582
477
699
571
43
913
988
478
995
629
963
958
965
521
258
419
86
699
696
29
367
348
861
941
137
820
852
585
116
135
431
405
920
501
576
384
40
39
661
751
725
21
987
883
314
197
565
687
13
762
268
859
551
647
693
71
516
809
116
632
618
796
898
332
446
283
932
563
534
375
434
104
464
329
178
641
195
991
759
79
837
929
412
594
929
673
561
881
787
236
756
590
226
986
474
390
315
328
422
528
166
306
869
522
564
505
698
9
970
199
896
850
419
128
73
1000
487
955
469
722
142
346
619
532
522
506
952
538
554
424
808
934
664
925
793
980
478
943
200
986
836
207
199
1
787
554
466
570
431
597
550
380
630
840
276
672
640
419
898
250
296
802
289
567
710
443
771
806
30
864
314
301
180
215
606
652
93
653
498
447
76
137
523
976
442
459
833
520
789
119
343
751
864
588
655
922
313
70
406
916
515
744
368
772
233
331
902
794
297
807
329
794
374
14
732
643
872
338
753
295
960
970
379
39
610
6
4
764
373
757
844
387
757
368
900
446
569
296
740
702
855
450
619
451
707
165
962
617
824
127
572
688
41
753
260
636
720
451
345
340
778
238
592
371
367
81
425
823
209
917
137
939
210
561
626
601
758
640
579
363
770
543
218
329
630
125
887
248
322
36
230
945
917
189
459
104
1000
277
414
674
323
144
718
532
962
782
909
361
584
756
750
239
607
844
995
428
254
529
996
699
429
444
124
727
283
857
966
478
704
408
766
762
943
843
287
166
815
134
516
872
458
338
498
426
274
313
161
239
669
685
821
103
74
9
120
846
610
835
135
874
850
509
730
914
967
789
424
589
481
851
495
840
334
700
449
695
207
244
800
968
842
648
297
273
894
844
278
867
811
850
873
587
330
955
399
680
330
172
766
534
997
208
349
530
132
614
55
173
165
659
538
972
118
66
692
175
607
410
7
841
799
17
52
78
293
905
348
607
394
64
541
197
364
133
385
768
557
490
961
377
82
421
778
439
828
159
124
699
140
105
79
380
672
433
161
109
107
175
10
313
785
78
269
570
106
495
891
168
672
985
894
717
827
601
359
315
524
13
785
139
992
800
429
755
750
769
51
957
986
716
150
768
530
385
836
961
947
622
540
516
473
927
695
122
20
313
616
29
369
563
145
678
518
532
414
414
990
143
107
841
866
898
40
859
508
388
550
535
282
926
102
946
694
13
984
67
631
17
633
286
269
161
492
144
87
557
66
977
137
783
300
231
855
86
320
786
333
476
524
714
4
10
736
579
947
635
986
506
82
751
343
850
647
309
680
644
385
929
100
560
378
709
751
619
418
320
17
107
945
399
148
524
714
490
841
99
417
456
460
826
511
101
468
240
308
908
959
744
448
245
715
599
629
177
55
721
647
402
341
143
862
651
540
39
693
59
891
210
193
72
540
517
793
216
576
143
232
782
441
891
947
105
701
867
845
614
385
171
685
908
860
134
449
778
163
655
61
762
606
985
442
534
253
314
517
243
977
739
693
572
480
54
921
797
1000
690
357
110
619
405
306
870
913
450
487
490
323
13
254
514
435
168
158
163
234
414
677
176
350
823
938
389
529
371
581
695
128
216
167
435
939
814
765
28
708
541
829
429
499
215
892
676
812
240
834
319
944
966
892
569
744
412
698
976
393
144
0
535
267
867
213
674
230
815
544
568
750
130
82
20
567
952
73
756
951
632
105
405
165
683
680
184
322
490
20
338
990
623
715
744
310
65
363
397
951
186
599
47
714
49
690
50
20
361
515
988
954
274
791
666
317
434
701
707
383
926
444
424
351
692
534
538
314
338
91
688
12
235
342
392
737
101
761
799
972
439
401
686
418
564
440
45
730
336
447
176
262
483
997
75
527
995
94
463
405
401
126
651
428
118
680
513
399
933
35
766
162
329
662
167
729
265
668
536
390
670
593
348
66
470
335
986
926
922
417
883
242
608
949
84
100
453
407
680
574
388
457
246
680
533
736
127
554
314
947
879
340
805
683
125
471
495
226
449
5
668
620
960
573
215
517
985
930
900
736
839
1
598
773
965
410
554
650
560
476
50
512
891
484
82
700
761
628
663
384
894
797
958
964
314
373
544
878
417
866
624
951
824
528
196
737
840
95
462
343
219
986
546
551
329
704
659
747
797
513
357
518
680
888
711
644
345
54
717
205
687
916
395
11
986
410
421
817
611
595
111
162
979
633
860
772
665
899
771
971
619
33
733
381
795
227
268
350
523
146
477
900
846
73
700
633
383
350
538
582
631
163
302
755
280
920
565
748
379
774
918
816
112
611
125
367
969
579
237
816
967
600
729
630
858
691
782
91
247
967
668
150
909
308
938
312
297
80
340
549
936
44
791
271
793
945
157
305
650
520
938
237
246
253
105
189
764
282
831
528
593
878
721
50
443
905
605
970
671
454
182
624
182
104
752
150
26
446
292
345
153
544
724
12
342
738
826
763
462
285
643
965
20
499
37
508
384
193
93
640
745
302
664
546
255
93
778
283
33
474
648
230
492
930
676
927
359
607
420
23
461
183
533
226
518
695
19
202
28
562
147
746
277
845
951
231
972
462
389
404
756
505
84
788
571
969
453
214
63
811
453
531
66
743
826
957
367
863
614
195
805
647
259
357
653
428
963
129
972
30
736
441
253
951
633
206
126
304
337
961
760
365
156
170
61
573
929
485
798
975
741
196
105
817
732
485
121
116
395
180
849
80
208
911
235
911
112
582
857
390
316
813
931
905
15
597
470
149
311
225
507
211
710
37
942
133
32
665
453
755
259
680
608
761
482
424
616
873
283
819
858
940
4
321
998
836
156
384
738
97
896
913
510
701
176
541
223
524
823
562
808
609
289
759
891
214
300
82
39
389
917
496
263
860
327
270
33
220
754
778
186
473
215
313
420
134
678
356
986
766
387
89
279
206
526
345
575
597
865
311
386
625
868
432
191
461
727
907
523
8
438
641
109
675
354
298
695
164
619
50
92
652
329
379
21
273
20
756
641
778
376
655
889
966
231
635
468
495
659
958
223
564
417
109
959
235
14
516
747
204
960
93
347
221
70
318
809
17
969
148
704
688
162
441
339
200
380
271
180
521
420
806
997
309
398
390
104
263
928
854
375
985
219
780
906
465
904
165
106
610
60
380
398
398
930
666
121
225
301
322
584
893
641
693
406
158
1000
277
605
743
908
587
452
315
833
540
824
514
394
153
381
450
537
602
187
610
762
46
97
984
390
90
163
452
266
205
50
471
679
397
732
477
751
295
170
452
786
653
217
175
414
43
79
327
813
875
659
540
817
844
597
215
35
772
203
617
330
866
930
92
598
330
456
435
22
92
990
897
53
851
376
530
918
919
556
654
250
292
801
351
479
402
538
228
281
97
953
699
144
642
24
212
333
920
357
671
667
13
724
569
23
320
813
563
132
58
907
472
239
549
845
247
459
678
610
373
506
903
122
679
70
533
227
744
940
885
369
433
501
182
658
608
361
194
714
325
609
831
181
948
455
564
737
844
501
535
92
659
4
334
294
11
466
326
91
110
376
233
629
973
299
575
703
316
316
634
180
959
795
957
148
535
472
990
475
535
659
549
471
377
590
952
18
689
601
491
802
21
9
405
33
52
626
87
206
443
876
222
16
366
351
584
146
63
901
264
286
802
921
245
885
816
302
368
43
754
356
520
923
938
213
251
638
873
208
964
969
793
66
169
289
823
221
31
703
508
309
753
761
162
278
13
628
985
132
15
730
127
713
511
527
958
279
435
361
98
316
442
541
709
329
201
206
3
328
937
696
66
429
768
800
968
497
789
584
115
826
861
546
651
469
474
851
616
439
533
661
380
997
399
711
870
424
227
938
349
419
223
59
402
568
599
530
372
534
471
578
740
922
303
136
493
341
957
176
952
763
988
439
895
550
956
504
491
563
440
193
985
631
311
387
669
476
476
792
325
107
88
752
121
751
806
662
431
85
409
548
676
585
885
770
741
404
349
168
924
630
948
517
984
792
874
255
656
915
267
531
902
1000
353
623
362
977
967
887
70
164
406
849
980
115
748
487
845
690
786
492
632
276
767
265
206
424
312
343
427
628
0
60
320
876
697
348
412
462
727
351
629
892
50
761
963
866
163
244
17
221
805
83
282
341
574
400
5
509
396
33
554
744
949
971
442
643
423
296
465
589
418
82
890
474
968
343
468
429
116
481
964
202
696
580
231
925
853
968
321
455
601
29
821
949
67
641
140
111
769
901
612
309
921
705
813
580
362
243
272
926
995
662
771
816
117
344
691
345
384
802
963
457
11
242
935
751
779
554
315
351
988
829
600
692
366
547
418
557
640
5
433
77
591
201
266
238
857
348
375
769
276
982
904
551
786
965
487
354
864
289
983
156
514
325
102
967
432
544
271
511
580
314
80
713
286
782
565
630
348
937
205
226
848
333
229
31
898
862
781
167
655
801
123
458
937
955
323
877
869
834
949
306
644
341
473
582
912
965
801
844
819
530
854
578
671
241
867
899
660
857
828
78
179
455
103
232
345
172
74
158
927
274
908
906
424
262
546
53
875
347
462
739
73
345
997
906
416
164
819
860
527
512
356
669
131
142
442
16
764
25
739
592
634
459
188
618
677
329
781
684
629
695
491
690
427
533
440
298
270
367
241
513
845
110
680
775
820
144
72
253
316
497
828
616
438
10
773
170
853
611
358
18
91
847
303
862
198
296
655
234
249
41
527
67
644
759
753
361
549
934
423
469
309
512
219
843
392
652
85
552
587
700
444
341
109
901
947
897
254
288
740
677
189
586
10
692
98
120
632
180
127
401
355
209
30
191
492
926
6
956
406
462
256
347
785
842
643
659
157
156
835
322
801
22
520
511
763
417
325
903
353
614
571
433
68
147
618
479
364
887
93
851
355
154
730
349
221
191
759
75
698
269
54
553
695
672
648
808
244
84
585
265
57
153
789
215
564
677
504
788
888
780
942
539
938
78
599
378
918
449
172
91
673
286
980
573
98
362
987
549
61
693
885
999
102
940
334
143
777
382
584
333
623
148
590
59
693
267
651
285
246
51
681
783
939
547
647
151
155
241
21
856
88
47
728
708
142
577
231
685
100
817
739
571
215
366
848
569
575
826
934
698
625
322
320
710
669
952
151
211
600
787
352
515
969
653
965
42
61
8
139
825
767
325
782
198
440
869
979
153
503
715
147
503
702
193
56
460
314
388
15
599
823
527
967
24
503
952
73
853
470
790
750
465
982
702
970
876
930
145
557
272
331
13
824
294
900
631
360
981
353
818
886
291
850
961
452
132
297
76
748
945
177
389
81
797
899
422
789
752
465
554
496
463
451
787
440
691
832
260
987
142
436
973
411
453
371
895
644
151
603
362
442
402
191
845
66
378
898
16
681
883
858
870
678
447
162
771
242
271
68
353
124
842
174
973
39
871
717
190
402
136
970
614
451
376
270
645
527
21
485
997
942
148
329
484
739
177
582
782
953
598
471
309
512
457
311
532
813
563
631
658
833
917
243
456
948
675
954
804
330
369
509
61
145
33
714
513
380
383
369
983
286
609
277
198
59
815
470
824
815
645
720
563
419
262
951
866
491
402
764
242
583
722
948
918
984
498
131
831
627
52
277
737
786
204
437
514
121
983
446
378
735
155
429
279
750
204
268
290
840
967
798
443
248
154
851
535
974
24
322
951
728
442
925
268
321
333
410
448
580
784
189
277
415
512
291
116
964
850
116
20
754
603
949
232
544
5
783
593
660
81
405
232
373
961
825
337
400
103
155
796
742
313
375
889
815
41
771
756
794
156
166
56
46
335
353
785
879
558
479
371
147
827
599
686
995
788
122
0
360
362
804
457
147
721
457
7
307
718
698
18
494
936
775
511
937
222
95
358
710
612
931
115
347
929
603
847
844
41
298
435
255
227
447
803
395
550
377
888
160
101
61
245
685
980
56
54
229
125
551
754
244
189
585
823
205
645
255
929
167
761
603
705
357
89
630
258
591
150
120
113
16
555
193
201
865
400
740
178
167
56
1000
263
858
286
682
510
828
444
906
59
236
357
352
474
533
171
953
16
481
568
404
427
223
705
662
168
376
987
113
974
415
400
71
194
155
364
35
982
973
384
698
541
514
229
356
714
61
49
864
375
880
587
769
813
307
153
831
630
58
894
249
238
613
141
710
115
146
950
710
209
4
300
775
206
944
605
407
896
608
974
894
530
199
114
898
805
814
409
472
791
605
536
457
292
235
861
781
526
412
835
726
803
85
83
361
160
19
574
45
104
987
255
147
443
132
590
285
668
580
924
240
48
967
471
332
769
596
38
138
22
365
713
750
929
626
919
657
310
506
49
689
926
325
742
398
878
731
729
796
170
706
685
240
927
918
246
256
319
657
553
42
775
614
144
496
719
408
882
270
7
796
869
658
328
241
401
661
341
424
994
580
129
220
569
732
414
279
395
490
330
585
634
659
349
964
57
730
52
853
517
852
45
709
891
428
551
130
219
983
924
484
638
151
804
333
527
858
321
650
868
959
132
318
451
471
971
343
784
280
622
172
284
359
45
490
162
484
187
382
50
842
795
571
485
107
931
371
309
690
731
138
810
39
647
301
997
860
130
221
329
880
267
835
624
4
571
888
351
552
505
557
864
971
97
523
529
666
794
670
300
612
676
972
660
135
53
317
543
721
140
959
87
592
233
546
38
914
829
425
988
489
471
609
608
553
298
426
603
206
310
774
370
335
976
936
889
607
67
519
535
798
102
703
334
590
126
294
702
597
363
828
73
694
359
546
515
377
12
857
158
920
785
229
856
713
889
128
230
957
54
967
476
500
725
34
365
259
816
262
312
78
563
798
600
255
914
149
518
721
412
161
995
516
284
229
571
421
462
152
567
493
456
731
183
131
633
337
710
742
138
958
260
106
235
334
932
774
194
34
330
485
867
385
259
13
523
123
574
189
115
328
992
981
593
110
481
287
163
895
122
348
535
645
870
957
437
446
762
650
320
35
820
62
960
205
51
913
984
160
271
407
221
872
993
445
610
412
958
671
189
871
375
23
697
711
425
348
868
79
661
680
997
825
886
817
497
677
357
609
381
414
675
452
948
666
900
773
569
869
8
80
855
519
416
809
732
918
573
780
111
53
112
585
210
22
229
610
870
757
452
727
734
67
55
115
121
749
292
698
60
376
973
923
449
610
395
979
492
330
125
638
671
167
538
237
615
371
777
206
677
338
447
695
407
745
363
507
426
587
736
547
318
230
176
181
535
356
273
453
119
452
840
856
202
701
701
199
9
977
634
382
542
591
613
999
456
119
54
38
588
863
239
934
944
774
975
605
23
3
859
485
848
322
441
810
731
515
932
154
946
873
835
470
384
173
505
129
203
49
157
994
937
555
554
669
725
493
898
413
464
403
326
524
384
363
795
221
579
71
167
979
349
413
128
931
689
897
138
111
377
469
129
328
65
152
117
410
869
452
151
102
118
202
292
561
600
640
459
995
770
626
913
269
923
824
229
757
1
0
433
533
840
480
682
593
382
883
562
43
582
623
870
993
158
461
474
627
823
114
216
41
95
460
107
362
903
171
829
468
292
725
497
637
364
674
30
741
905
491
555
587
805
810
573
775
655
208
957
481
113
233
368
832
331
300
239
757
778
322
719
671
138
785
991
204
806
128
509
224
242
703
759
657
908
247
162
964
76
251
598
272
979
661
338
765
256
195
278
252
526
399
138
111
386
779
703
585
625
642
403
736
296
882
294
328
48
263
830
10
23
158
503
954
408
765
606
433
472
728
265
916
509
325
148
553
753
395
891
406
222
828
952
862
410
953
67
233
156
557
951
929
371
913
107
102
604
978
724
978
42
462
855
574
973
416
651
564
110
415
816
225
555
383
901
646
608
454
724
590
275
38
941
693
250
223
210
153
350
151
787
938
482
779
725
808
364
100
207
407
627
465
963
97
805
299
707
367
36
549
537
122
194
723
274
619
263
532
628
454
597
218
215
949
648
633
610
17
983
522
665
875
697
929
924
526
617
141
581
836
118
908
135
487
41
424
64
204
120
34
414
612
376
80
777
885
949
832
714
690
211
748
458
988
630
437
959
695
927
875
237
238
398
313
664
930
637
641
933
437
310
743
176
456
673
267
787
845
829
189
871
819
318
383
254
319
219
37
629
391
674
10
253
482
951
308
779
717
222
485
809
985
774
358
346
320
541
562
334
416
118
995
845
783
155
910
701
458
241
429
394
241
11
527
203
678
388
349
147
958
253
347
631
276
965
187
722
737
862
770
38
624
509
573
201
439
80
407
836
597
800
658
989
283
886
451
208
960
238
816
338
84
268
170
581
841
749
200
741
835
76
844
289
717
842
143
886
542
619
977
197
383
301
59
351
951
985
377
656
745
597
994
856
709
687
758
144
863
96
352
537
916
400
497
101
400
602
246
480
661
117
983
375
604
53
840
335
325
648
49
605
484
999
114
524
725
517
658
883
321
130
599
571
91
396
220
783
986
289
459
581
29
589
950
694
620
176
692
219
364
33
433
131
423
911
42
811
38
228
91
100
998
588
323
648
397
461
90
684
89
879
769
917
247
431
60
466
153
737
601
296
398
928
904
805
232
234
548
705
628
547
201
751
743
253
700
647
176
584
595
814
539
272
805
196
22
665
574
45
770
149
378
331
864
38
850
33
149
298
78
188
886
446
255
402
255
474
580
605
132
617
226
388
371
904
657
412
150
604
829
268
518
973
634
98
511
870
548
952
767
447
233
705
96
741
733
934
835
214
649
622
947
157
556
195
655
355
165
594
354
447
467
397
333
574
482
474
776
147
437
598
41
472
423
857
133
755
269
472
884
145
666
969
109
626
194
932
581
187
744
974
623
173
59
582
386
51
964
537
329
223
445
219
928
752
823
802
420
731
284
22
61
214
788
84
9
63
909
203
902
159
593
994
950
871
894
211
611
198
546
245
146
873
493
787
759
986
695
710
888
925
137
660
371
206
450
34
473
107
601
169
6
769
717
287
160
96
904
916
855
799
497
465
408
411
121
767
216
289
389
813
139
897
238
653
494
331
352
844
845
252
704
746
673
195
816
747
753
18
984
451
259
27
583
883
179
214
542
274
826
15
798
865
42
968
756
911
697
509
154
141
198
54
84
11
952
715
34
814
535
106
926
304
292
34
139
112
771
572
706
64
440
501
763
647
472
928
574
267
922
166
856
442
501
113
325
503
295
328
300
467
650
171
477
99
603
532
973
486
196
931
164
681
833
405
943
267
620
589
449
913
997
102
6
414
832
413
503
773
898
152
362
791
876
797
879
295
801
906
76
930
360
892
201
412
342
237
592
415
155
116
494
756
21
440
935
554
892
503
246
447
577
581
915
840
197
204
453
825
919
102
31
786
160
737
777
826
18
562
610
726
396
548
25
134
943
749
155
355
60
850
449
730
216
868
126
186
285
82
10
428
373
606
677
684
464
551
696
369
634
905
489
984
467
798
198
453
390
646
218
47
620
949
339
509
885
48
784
593
69
151
883
834
254
352
120
986
2
725
627
22
36
125
406
285
201
19
240
160
543
728
200
709
488
908
279
565
78
884
50
357
530
777
177
996
990
255
974
811
14
228
237
983
829
282
98
917
595
619
483
74
385
822
592
399
258
766
826
669
562
715
325
32
733
121
398
676
270
714
609
60
36
832
547
157
374
914
117
1
667
85
275
527
259
829
705
474
476
397
7
511
8
916
77
894
48
602
329
665
521
676
141
271
390
943
414
474
535
793
175
576
855
351
576
712
707
551
576
967
826
737
104
716
314
525
885
538
877
830
24
187
798
477
278
412
858
57
98
416
625
527
441
447
813
645
65
332
466
307
41
92
748
260
772
627
161
132
864
34
252
875
476
379
404
207
457
512
650
209
494
613
521
104
123
508
115
420
619
138
221
214
997
102
912
438
450
201
381
130
529
141
123
692
136
849
799
464
961
991
471
125
462
198
148
811
893
610
516
788
270
371
784
62
558
263
463
493
263
102
717
61
533
366
741
269
454
930
32
926
136
250
250
983
584
934
11
967
100
622
35
308
659
75
100
181
66
546
869
6
289
703
770
204
164
604
29
988
871
330
545
711
826
594
293
301
181
585
685
523
535
87
562
217
70
749
924
743
411
639
664
736
497
312
689
535
787
993
895
223
633
155
697
55
248
268
768
707
836
566
521
427
859
311
701
744
938
343
698
398
823
512
145
879
288
939
373
979
575
125
299
948
977
116
55
954
153
946
393
45
88
529
132
312
52
249
292
11
415
575
18
564
800
620
350
910
659
107
426
119
808
911
657
576
992
955
488
580
873
628
827
768
848
250
218
306
895
425
743
617
624
970
998
931
938
434
184
456
715
499
974
129
786
783
86
869
506
350
37
492
937
42
890
344
519
279
176
527
647
349
71
508
706
155
305
167
759
539
798
948
451
623
806
935
944
563
457
954
788
841
182
251
488
483
909
170
302
820
838
33
239
621
148
766
155
265
261
565
816
467
290
211
691
661
265
864
139
317
758
581
190
562
410
930
46
636
388
515
746
968
476
872
958
462
145
677
320
235
182
511
231
673
839
931
759
386
892
672
796
24
597
683
311
385
117
366
781
94
57
19
608
620
242
461
243
526
553
355
993
489
707
969
866
732
331
226
989
198
7
177
768
594
529
261
553
736
165
959
427
238
925
570
209
494
698
682
87
494
628
206
999
592
490
467
883
271
336
634
877
27
648
710
401
732
724
701
114
342
268
427
441
725
768
519
221
937
581
833
636
852
396
717
632
524
65
77
649
222
337
534
275
499
308
444
868
775
762
110
869
487
729
835
767
705
721
170
256
11
40
85
170
818
808
350
835
455
447
198
441
843
628
816
158
371
785
371
458
60
62
555
105
245
669
188
524
780
287
11
281
636
407
949
354
983
740
520
116
383
337
838
490
342
977
119
151
490
482
373
980
858
725
598
346
797
243
504
310
901
958
134
551
942
565
380
825
541
61
210
123
771
149
357
65
908
893
715
314
139
14
778
913
958
357
195
596
919
343
85
549
335
950
718
456
30
329
76
648
855
431
653
977
936
105
965
829
447
761
862
527
160
660
795
211
633
149
892
732
395
375
63
693
337
489
313
669
318
78
635
375
978
174
626
167
470
376
130
362
778
405
50
104
222
532
514
379
138
49
717
504
838
137
963
321
866
305
917
973
939
88
547
728
458
485
620
756
637
538
547
914
635
58
588
317
762
489
317
510
84
707
501
946
873
482
262
997
131
552
656
740
916
848
676
95
953
937
565
667
112
534
772
942
399
786
806
159
827
107
555
679
605
486
635
162
620
649
701
413
634
136
459
68
634
224
534
577
360
112
728
616
574
972
165
723
981
960
294
749
596
23
253
625
778
365
479
781
376
423
3
139
705
576
67
166
926
278
6
141
889
754
525
630
634
100
695
892
863
551
743
711
619
181
903
734
857
499
704
184
93
284
744
653
601
651
856
591
617
370
358
596
998
159
743
690
156
269
157
874
524
319
793
243
242
479
354
588
939
273
725
88
230
467
681
27
91
888
150
894
549
177
385
457
698
603
29
209
597
484
201
732
97
717
997
308
317
668
900
271
523
291
982
619
36
451
656
259
254
323
926
253
432
983
246
973
71
530
670
1
224
129
655
44
439
984
138
620
62
860
20
681
802
918
12
385
200
352
995
144
75
860
679
626
142
476
808
637
155
963
460
471
511
388
844
488
367
712
328
752
285
620
484
657
606
147
987
838
380
221
494
616
301
119
954
990
317
15
801
618
573
869
53
184
769
642
562
479
442
568
613
604
368
164
607
375
235
254
850
416
803
116
273
286
410
439
985
392
32
660
941
204
623
345
234
337
759
614
516
165
509
248
372
839
408
712
977
645
562
792
561
824
737
548
907
690
50
310
468
328
346
369
74
529
702
296
125
945
490
174
508
675
776
261
148
719
202
184
789
500
861
528
849
10
855
467
34
67
685
859
909
760
471
6
633
430
228
65
799
310
166
401
202
332
785
372
783
563
927
599
728
264
247
441
162
585
176
633
939
322
736
438
570
7
237
591
658
443
673
689
489
315
746
438
935
165
997
695
189
989
850
602
697
355
27
72
677
154
751
677
659
499
36
51
563
777
674
628
913
869
179
993
965
722
870
310
967
677
276
453
24
717
271
279
151
256
418
871
207
44
189
364
57
373
315
671
54
454
120
238
414
245
827
153
177
234
253
15
534
419
279
458
876
310
395
78
626
924
167
972
124
735
653
25
27
607
712
581
845
435
111
554
136
810
532
943
885
120
673
957
685
619
321
350
625
390
891
420
605
574
885
790
925
280
488
191
228
976
785
923
238
180
257
411
851
429
460
601
561
796
725
563
994
740
871
484
627
762
694
609
856
721
526
731
579
430
168
148
197
798
969
468
553
791
12
411
489
286
552
653
556
380
414
224
52
463
448
2
342
983
852
457
411
320
167
443
503
559
352
69
779
643
740
75
233
581
601
611
727
98
759
979
176
864
978
753
371
146
345
846
81
686
854
427
85
774
286
290
135
194
862
836
125
318
613
621
850
741
851
295
644
814
908
901
125
168
274
812
608
811
172
467
730
591
519
634
427
555
618
663
48
542
311
476
905
200
960
45
198
315
864
275
418
675
904
358
988
859
546
249
121
508
332
847
448
299
859
295
93
408
914
60
799
161
810
534
326
146
650
540
840
87
310
963
138
590
785
272
624
268
718
988
360
922
634
38
365
692
511
916
846
659
2
566
762
679
95
690
214
419
88
385
177
611
269
256
330
202
642
339
271
868
606
816
610
893
382
76
90
718
952
658
798
248
204
206
399
458
39
79
571
380
859
971
783
846
564
838
163
873
661
215
635
727
385
267
338
156
942
133
45
165
698
94
919
100
932
435
68
443
127
713
128
120
316
429
467
1000
235
514
617
739
486
340
705
864
553
558
365
108
291
468
666
852
17
542
979
32
30
660
302
494
990
231
137
133
446
700
670
1000
553
377
253
308
62
626
766
748
288
42
693
173
558
166
326
324
417
617
715
716
765
919
321
344
810
808
447
886
778
259
645
92
558
173
784
942
63
215
159
177
443
737
149
554
851
471
207
327
531
387
392
637
132
804
388
408
9
823
140
275
764
531
166
138
494
317
517
915
902
742
848
145
975
670
4
666
164
945
255
600
702
137
1000
340
498
3
219
670
145
446
558
432
103
668
246
898
215
790
143
310
302
728
597
958
326
109
671
865
275
837
482
558
639
772
804
428
899
463
563
776
712
997
798
711
649
148
991
586
812
861
920
965
944
543
259
853
934
406
409
844
174
622
156
836
20
702
824
155
826
730
860
127
764
464
432
558
749
602
615
977
343
876
766
261
826
527
384
168
206
554
26
717
42
863
617
109
470
180
534
150
432
810
629
298
424
844
115
771
947
337
944
388
620
224
61
363
453
364
534
951
355
993
366
353
347
708
177
237
807
380
185
11
994
583
609
623
636
442
489
223
548
130
980
941
480
617
454
525
91
661
771
96
871
269
563
551
458
642
399
898
496
508
364
755
84
786
514
848
212
892
566
161
191
349
985
272
456
486
253
738
49
629
765
185
643
258
893
728
328
962
32
530
511
489
380
206
482
390
188
415
421
945
632
297
871
579
938
183
186
188
584
236
372
156
5
250
793
450
332
872
463
849
754
15
161
261
787
471
149
64
283
903
616
708
886
255
238
365
728
830
245
149
435
218
225
151
901
179
956
520
988
30
189
517
52
138
791
51
79
334
621
477
573
352
67
724
115
541
571
821
567
707
634
750
190
160
189
442
568
433
66
446
480
643
30
363
195
322
770
729
24
915
621
317
808
333
682
183
205
729
264
975
147
54
248
57
170
829
642
22
906
477
575
211
528
108
980
442
579
957
533
490
74
980
193
624
509
357
206
590
991
753
50
8
348
367
584
592
692
47
68
842
99
597
791
582
859
674
292
339
134
237
358
600
15
763
514
717
850
278
216
35
994
66
955
398
140
92
132
850
585
931
113
187
425
9
191
62
373
547
29
732
942
251
351
970
996
109
33
304
489
629
117
689
678
565
376
812
577
776
862
288
586
27
704
587
444
531
371
723
348
393
8
63
733
49
168
545
281
990
779
465
539
236
626
657
951
397
847
978
243
239
380
932
651
241
920
969
228
555
997
183
693
889
722
187
968
237
253
67
46
415
194
938
638
994
632
411
496
945
171
156
879
165
27
345
167
353
117
687
684
246
684
723
514
539
84
957
522
87
480
649
429
213
14
317
707
589
437
119
281
35
127
970
903
888
379
543
692
291
212
647
121
377
443
495
258
391
454
252
693
234
369
690
602
284
497
733
98
862
735
336
279
325
928
992
314
123
1
561
47
440
233
536
623
388
346
473
114
854
91
765
872
903
402
708
121
414
181
904
444
733
250
524
410
354
674
64
867
905
40
754
467
21
193
88
584
836
903
439
104
998
423
771
111
990
223
982
692
13
435
208
525
576
317
659
775
477
156
774
127
499
630
997
55
479
303
328
236
417
2
752
111
55
951
521
383
85
863
120
196
301
650
663
992
182
483
952
343
544
921
118
457
68
190
739
13
346
525
979
920
631
432
338
179
857
713
636
634
929
646
377
334
921
307
455
536
97
634
953
826
423
560
739
701
918
621
517
692
244
585
678
241
264
135
685
238
402
117
3
509
554
962
18
495
371
999
508
939
390
335
910
83
179
56
13
94
168
699
361
380
786
220
681
7
80
911
557
580
714
434
655
507
200
936
74
630
76
861
997
708
30
680
703
659
743
462
927
184
214
556
150
341
897
999
407
574
148
414
96
379
252
345
22
246
564
294
580
776
948
530
49
391
57
582
408
84
924
105
581
843
884
185
158
586
1
79
845
497
514
100
797
521
563
891
540
815
881
194
58
833
34
82
849
68
538
713
916
604
306
514
960
885
260
982
5
804
669
845
377
496
574
731
230
667
945
217
809
501
161
799
839
833
933
16
183
558
812
749
981
927
160
839
217
730
109
898
54
735
668
239
527
251
505
160
688
344
417
569
221
876
164
971
984
589
421
366
116
348
786
284
133
54
721
724
75
994
827
749
833
1
544
871
176
389
177
894
463
405
138
119
281
991
3
681
674
370
144
863
603
477
454
641
120
227
754
793
329
771
677
270
398
161
270
292
38
307
262
978
43
330
441
519
118
758
226
63
302
222
699
50
199
686
324
663
963
319
122
634
715
592
693
315
37
727
704
881
189
259
788
345
364
341
280
521
50
611
928
84
111
347
726
398
559
34
772
483
535
54
132
861
401
131
468
198
625
44
806
840
508
186
917
114
493
979
559
762
945
234
462
546
51
535
113
406
845
208
225
532
892
649
765
615
930
541
56
625
40
741
658
455
82
40
287
19
656
750
894
124
983
921
837
710
958
580
680
985
584
98
619
480
767
208
765
550
541
78
636
307
171
778
658
718
909
400
634
293
204
266
253
386
170
600
114
696
191
520
951
43
585
855
120
502
851
464
757
246
711
842
366
532
662
938
279
845
945
517
113
936
340
914
733
197
680
991
600
682
493
248
452
535
676
390
389
121
7
679
913
557
520
346
846
692
990
919
582
962
440
18
392
56
635
124
128
817
747
926
754
377
360
133
918
493
725
622
736
101
627
259
603
770
887
494
187
60
421
406
236
680
311
908
76
944
692
597
423
463
713
493
252
866
890
108
249
781
669
424
57
959
775
650
617
711
956
796
286
347
253
175
578
20
699
278
0
951
23
441
4
335
349
625
150
120
74
959
895
259
645
3
834
252
170
358
543
55
456
504
84
586
134
326
332
675
710
679
211
366
172
405
577
215
73
587
459
617
30
851
209
463
642
393
899
825
267
803
136
201
173
635
55
903
702
556
413
747
837
70
612
267
149
61
536
845
656
989
394
169
723
722
406
282
151
767
925
681
374
200
460
500
406
26
666
965
499
84
206
890
560
612
688
95
736
432
279
1000
465
503
536
121
8
426
396
856
788
715
958
846
518
302
54
295
460
453
477
348
131
144
893
875
652
43
286
658
103
324
204
28
750
406
167
911
287
432
997
22
343
868
81
155
609
212
939
519
706
453
992
823
734
460
3
409
535
243
812
45
123
43
403
674
358
478
188
589
691
281
877
144
804
41
64
768
932
460
701
899
706
639
24
826
71
989
329
555
725
598
837
233
290
512
266
899
432
153
245
451
87
93
63
849
609
801
344
304
61
83
862
495
24
995
699
444
927
621
357
343
35
925
737
765
926
753
579
616
777
817
916
605
546
95
458
812
809
377
678
393
824
407
23
181
767
101
608
962
22
504
655
230
819
387
496
460
874
212
675
656
294
722
95
620
117
918
110
913
827
432
384
314
227
906
572
711
843
924
52
924
116
264
232
588
275
25
72
370
960
555
472
981
173
386
453
26
795
312
456
981
117
209
142
964
958
422
48
468
455
765
226
85
2
618
587
352
710
999
151
392
275
262
888
783
162
508
372
477
695
710
895
424
560
953
310
536
363
102
398
989
747
307
469
895
109
913
859
287
511
400
780
925
322
266
912
911
574
502
616
108
899
995
240
729
265
959
87
66
629
268
695
236
676
512
339
399
83
345
538
610
26
535
64
77
773
453
212
304
558
818
834
342
118
873
561
300
157
13
587
471
744
790
944
52
997
358
98
180
432
907
73
805
160
410
862
603
242
611
64
786
205
660
676
988
759
440
299
790
215
446
517
476
553
578
951
708
936
224
177
395
484
495
821
814
877
370
648
92
338
485
957
193
890
552
519
576
523
237
920
956
21
28
326
717
941
458
794
496
479
695
150
29
970
446
333
728
325
891
161
464
791
267
144
979
211
676
807
513
112
894
158
616
817
708
676
378
678
805
575
762
696
713
837
51
695
435
798
307
857
972
751
60
935
458
521
358
344
255
498
640
967
603
308
243
795
885
475
277
568
26
806
590
498
828
620
802
804
357
738
608
801
931
795
550
244
237
665
169
840
940
757
416
343
935
380
819
423
93
368
65
250
364
1000
603
350
951
941
696
586
223
863
131
93
79
845
523
521
50
693
629
31
921
350
286
122
79
554
563
86
388
731
169
202
917
778
949
851
972
545
816
640
856
981
977
902
938
805
262
782
630
351
558
186
562
2
879
74
455
722
619
390
617
585
541
815
983
773
714
32
364
74
496
337
593
743
915
45
330
889
307
511
570
50
380
901
512
757
264
705
0
965
333
849
641
273
432
764
956
627
851
450
528
934
692
701
999
12
998
706
224
712
561
677
321
315
937
71
231
813
253
842
486
217
622
963
811
92
985
6
921
812
217
248
381
196
643
619
982
438
638
624
425
459
80
475
693
309
175
68
67
906
589
226
54
361
683
854
927
685
584
300
554
874
390
267
439
311
157
708
394
746
275
666
435
381
950
844
226
248
370
890
88
348
783
90
61
132
421
524
442
474
512
411
604
465
354
207
710
547
86
406
255
561
741
394
702
906
879
375
545
375
498
580
687
932
961
110
786
671
173
440
451
737
741
233
963
996
334
654
62
10
655
553
373
858
140
744
983
565
737
766
53
57
819
146
974
576
9
607
385
56
690
295
876
438
224
577
658
482
107
668
647
99
653
629
691
999
23
967
863
457
51
801
975
699
579
170
496
719
986
706
100
14
447
319
471
378
600
10
57
501
460
405
111
574
774
147
484
190
50
946
114
26
952
812
300
327
663
825
328
149
744
409
979
541
289
991
233
958
819
393
619
511
615
987
872
383
950
687
903
937
62
54
22
539
364
363
868
36
460
845
130
395
688
547
761
852
712
159
999
261
561
12
957
34
30
138
650
896
599
823
370
556
165
383
561
885
883
388
785
667
901
662
267
488
319
172
951
674
104
483
646
840
603
540
36
781
841
54
228
963
966
633
945
443
589
880
811
340
966
826
818
821
328
789
160
304
3
803
535
961
231
790
206
642
76
906
296
349
557
955
564
509
458
936
798
179
562
775
230
24
581
460
179
799
900
574
975
963
715
213
58
254
55
35
109
289
923
721
442
493
643
877
970
533
815
352
875
703
959
919
626
